0 332 city_edited city_id
340800 360200         1.49099413
340800 340100         1.47123124
340800 421100         1.15484024
340800 340700         1.11341487
340800 341700        0.925541173
340800 341500         1.11351401
340300 320300         1.26083428
340300 340600        0.849351514
340300 341600         1.19013235
340300 340400        0.845788017
340300 341300        0.758984972
340300 341100        0.961232937
341600 340300         1.19013235
341600 411400        0.980597921
341600 340400         1.12824284
341600 340600        0.634651727
341600 341200        0.703913111
341600 341300         1.11366589
341700 340100         1.47938945
341700 340800        0.925541173
341700 340200         1.16908343
341700 340700        0.631108386
341700 341000        0.800902916
341700 360200        0.980520336
341100 321300         1.30852303
341100 340100          1.0813304
341100 320800         1.18155342
341100 340300        0.961232937
341100 320100        0.963579582
341100 340500        0.942995667
341200 341500         1.36317287
341200 411500          1.1712459
341200 340600         1.31835956
341200 341600        0.703913111
341200 340400         1.15306347
341200 411600         1.15360438
340100 341500         1.13109709
340100 340400         0.92122158
340100 341100          1.0813304
340100 340700        0.900612166
340100 340200        0.984027562
340100 340500         1.01769225
340600 340400         1.25608101
340600 340300        0.849351514
340600 411400         1.18655428
340600 341600        0.634651727
340600 341300        0.484818777
340600 320300        0.996169291
340400 340600         1.25608101
340400 341500        0.976116272
340400 341200         1.15306347
340400 340100         0.92122158
340400 340300        0.845788017
340400 341600         1.12824284
341000 340200         1.25746201
341000 340700         1.10553034
341000 330800          1.1443033
341000 360200         1.00034291
341000 341700        0.800902916
341000 341800         1.10309186
341500 411500         1.40997958
341500 340100         1.13109709
341500 341200         1.36317287
341500 340400        0.976116272
341500 340800         1.11351401
341500 421100         1.29587217
340500 340700         1.10628582
340500 340100         1.01769225
340500 341800         1.06994779
340500 341100        0.942995667
340500 320100        0.558197992
340500 340200        0.529023641
341300 321300         1.31235674
341300 340300        0.758984972
341300 341600         1.11366589
341300 320300        0.583339852
341300 340600        0.484818777
341300 370400         1.07225012
340700 340800         1.11341487
340700 340100        0.900612166
340700 340500         1.10628582
340700 340200        0.642347831
340700 341700        0.631108386
340700 341000         1.10553034
340200 341700         1.16908343
340200 340100        0.984027562
340200 320100         1.04246026
340200 340700        0.642347831
340200 341800        0.860939927
340200 340500        0.529023641
341800 320400         1.22393222
341800 341000         1.10309186
341800 340500         1.06994779
341800 330100         1.00036997
341800 340200        0.860939927
341800 330500         1.01871073
110000 130900         1.94918257
110000 130800         1.62362105
110000 130600          1.7018568
110000 120000         1.29471736
110000 131000        0.951014441
110000 130700         1.53883563
350100 350400         1.82347943
350100 350700         1.67063524
350100 350200         1.75812594
350100 350900        0.966933278
350100 350300        0.675291522
350100 350500         1.26865401
350800 360700         1.52370732
350800 350400         1.20170723
350800 350200         1.51880626
350800 350600         1.19808518
350800 445100         1.50831818
350800 441400         1.27407803
350700 350100         1.67063524
350700 360600         1.36165746
350700 331100         1.61741832
350700 350400         1.28004833
350700 350900         1.39786041
350700 361100         1.58232854
350900 330800         2.12632733
350900 350700         1.39786041
350900 350300         1.63722793
350900 331100         1.22864773
350900 350100        0.966933278
350900 330300         1.34305966
350300 350600         1.82484365
350300 350900         1.63722793
350300 350400         1.73165017
350300 350100        0.675291522
350300 350500        0.683819812
350300 350200         1.10466705
350500 350800         1.52917954
350500 350400         1.40713539
350500 350100         1.26865401
350500 350200        0.550179854
350500 350300        0.683819812
350500 350600         1.18276362
350400 350200          1.7907127
350400 350300         1.73165017
350400 361000         1.54615936
350400 350700         1.28004833
350400 350800         1.20170723
350400 350500         1.40713539
350200 350100         1.75812594
350200 350800         1.51880626
350200 445100         1.59673323
350200 350300         1.10466705
350200 350500        0.550179854
350200 350600        0.743741372
350600 441400         1.38046336
350600 445100        0.863119892
350600 440500         1.31896338
350600 350200        0.743741372
350600 350500         1.18276362
350600 350800         1.19808518
620400 640300         2.08604866
620400 640400         1.70852782
620400 621100         1.50336143
620400 620100         1.01696256
620400 622900           1.661031
620400 640500        0.966098896
621100 623000         1.86758248
621100 620400         1.50336143
621100 621200          1.7058472
621100 620500          1.3688585
621100 622900         1.27016009
621100 620100         1.48013758
623000 620100         2.21331057
623000 513200         1.92755674
623000 630200         2.05415947
623000 621100         1.86758248
623000 622900         1.40365928
623000 632300         1.33416332
620300 620700         2.28164524
620300 152900         2.10429957
620300 630200          2.1214517
620300 620600         1.04577018
620300 632200         1.86592005
620300 630100         1.71711367
620900 620300         6.26029578
620900 620700          3.9861791
620900 632500         6.05444799
620900 632800         3.86159492
620900 650500         3.78352062
620900 632200         4.92964787
620100 640500         1.97596433
620100 630200         1.29470804
620100 620600          1.9107259
620100 620400         1.01696256
620100 622900        0.810757321
620100 621100         1.48013758
622900 632300         1.76405154
622900 620400           1.661031
622900 623000         1.40365928
622900 630200          1.1798059
622900 620100        0.810757321
622900 621100         1.27016009
621200 610300         2.12782203
621200 510700         1.82318959
621200 610700         1.94811945
621200 621100          1.7058472
621200 510800         1.44760177
621200 620500         1.17026627
620800 640500         2.05634124
620800 621000         1.27365248
620800 610400         1.81842271
620800 620500         1.12343365
620800 640400        0.767487748
620800 610300         1.07928604
621000 610600         1.74653467
621000 610200         1.73646203
621000 640300         1.67942791
621000 640400         1.43139741
621000 620800         1.27365248
621000 610400         1.59283068
620500 610700         2.07066239
620500 621100          1.3688585
620500 610300         1.48743665
620500 640400         1.34257834
620500 620800         1.12343365
620500 621200         1.17026627
620600 152900         2.39991544
620600 630100         2.10885498
620600 620400         2.21068864
620600 620300         1.04577018
620600 620100          1.9107259
620600 630200         1.97678711
620700 620600          3.3273184
620700 152900         3.04512286
620700 632500         3.08617971
620700 620300         2.28164524
620700 632200         1.29044442
620700 630100         2.67254016
445100 350800         1.50831818
445100 350600        0.863119892
445100 441500         1.50349239
445100 445200        0.803237848
445100 440500        0.493323604
445100 441400        0.820330179
440600 440300         1.24628559
440600 445300         1.16640067
440600 440400        0.951076484
440600 441200        0.910191613
440600 440100        0.677341898
440600 440700        0.787502307
440100 441200         1.34967387
440100 441800         1.18665829
440100 440400         1.19208767
440100 440600        0.677341898
440100 441300        0.968391845
440100 440300        0.909824485
441600 440100          1.5882012
441600 441500         1.32872517
441600 440200         1.41491917
441600 441400         1.13272453
441600 441300        0.928648411
441600 445200         1.36092445
441300 440600         1.57496924
441300 441500         1.14424492
441300 440400         1.57304913
441300 441600        0.928648411
441300 440300        0.693903138
441300 440100        0.968391845
440700 440100         1.37175644
440700 441700         0.92940077
440700 441200         1.35350488
440700 440400        0.699016478
440700 440600        0.787502307
440700 445300          1.0360522
445200 441300         1.62024687
445200 441400        0.867863148
445200 441600         1.36092445
445200 441500        0.703001493
445200 440500        0.475747476
445200 445100        0.803237848
440900 450800         1.61227356
440900 445300         1.16424407
440900 450400         1.47130576
440900 441700        0.821280512
440900 450900        0.883899879
440900 440800         1.22293871
441400 350600         1.38046336
441400 445200        0.867863148
441400 350800         1.27407803
441400 445100        0.820330179
441400 441600         1.13272453
441400 440500         1.01393945
441800 431000         1.52276101
441800 440200         1.03210289
441800 451100         1.51480085
441800 441200         1.02544842
441800 440100         1.18665829
441800 440600         1.30964641
440500 441600         1.78668842
440500 441500         1.10465926
440500 350600         1.31896338
440500 441400         1.01393945
440500 445200        0.475747476
440500 445100        0.493323604
441500 440300         1.46979889
441500 441300         1.14424492
441500 441400         1.41545527
441500 445200        0.703001493
441500 440500         1.10465926
441500 441600         1.32872517
440200 441300         1.74447016
440200 431000         1.18131228
440200 360700         1.74212014
440200 441800         1.03210289
440200 441600         1.41491917
440200 440100         1.50800897
440300 440700         1.51261998
440300 441500         1.46979889
440300 440600         1.24628559
440300 440100        0.909824485
440300 441300        0.693903138
440300 440400         0.91888329
441700 440400         1.59225756
441700 440600         1.52524095
441700 441200          1.5701369
441700 440700         0.92940077
441700 440900        0.821280512
441700 445300        0.788431962
445300 440600         1.16640067
445300 450400           1.042728
445300 440900         1.16424407
445300 441200        0.830840674
445300 441700        0.788431962
445300 440700          1.0360522
440800 441700         1.87033858
440800 460100         1.24749357
440800 450700         1.58962543
440800 440900         1.22293871
440800 450500         1.01418403
440800 450900         1.36697065
441200 440100         1.34967387
441200 441800         1.02544842
441200 450400         1.21620929
441200 445300        0.830840674
441200 440600        0.910191613
441200 451100         1.17849195
440400 441700         1.59225756
440400 440300         0.91888329
440400 441300         1.57304913
440400 440700        0.699016478
440400 440100         1.19208767
440400 440600        0.951076484
451000 522700         2.24532226
451000 451400         1.78032301
451000 520400         2.03854107
451000 532600         1.60166636
451000 451200         1.68762097
451000 522300         1.52217357
450500 440900         1.65285614
450500 450600         1.34132819
450500 450100         1.64631199
450500 440800         1.01418403
450500 450700        0.604474608
450500 450900         1.14985804
451400 450500         2.22858755
451400 450100         1.31257519
451400 451200         2.21410558
451400 450600         0.97190126
451400 450700         1.77278502
451400 451000         1.78032301
450600 440800         2.29471796
450600 450500         1.34132819
450600 450900         2.24329145
450600 451400         0.97190126
450600 450700         1.04739271
450600 450100         1.26829074
450800 440900         1.61227356
450800 450100         1.55531076
450800 450700         1.50160025
450800 450900        0.886184027
450800 451300        0.800370175
450800 450400         1.00676618
450300 450400         1.93414212
450300 451100          1.3074997
450300 451300         1.86182089
450300 450200         1.21301244
450300 431100         1.28604191
450300 430500         1.59937096
451200 522600         1.99534507
451200 450100         1.70327779
451200 451300         1.75730286
451200 522700         1.49311303
451200 450200         1.55890659
451200 451000         1.68762097
451100 445300         1.60325249
451100 441800         1.51480085
451100 431100         1.46100692
451100 441200         1.17849195
451100 450400        0.953704252
451100 450300          1.3074997
451300 450700         1.72639218
451300 450900         1.60818394
451300 450400         1.62174336
451300 450100          1.2387322
451300 450800        0.800370175
451300 450200         1.09427477
450200 451100         2.07498506
450200 451200         1.55890659
450200 522600         1.75766109
450200 451300         1.09427477
450200 450300         1.21301244
450200 450800         1.75444966
450100 450500         1.64631199
450100 451400         1.31257519
450100 450800         1.55531076
450100 451300          1.2387322
450100 450600         1.26829074
450100 450700          1.0418392
450700 440800         1.58962543
450700 450900         1.19712247
450700 450800         1.50160025
450700 450500        0.604474608
450700 450600         1.04739271
450700 450100          1.0418392
450400 440900         1.47130576
450400 441200         1.21620929
450400 450900         1.31602825
450400 445300           1.042728
450400 451100        0.953704252
450400 450800         1.00676618
450900 440800         1.36697065
450900 450500         1.14985804
450900 450400         1.31602825
450900 450800        0.886184027
450900 440900        0.883899879
450900 450700         1.19712247
520400 530300           2.032616
520400 520100         1.13637689
520400 522700         1.30107518
520400 520200         1.06729999
520400 522300        0.876611068
520400 520500         1.29954169
520500 511500          1.6138429
520500 530600         1.34678613
520500 520100         1.50913649
520500 520400         1.29954169
520500 520200        0.985882596
520500 510500         1.44480738
520100 510500         1.90648499
520100 520300         1.37924099
520100 522600         1.88099137
520100 520400         1.13637689
520100 522700        0.990935349
520100 520500         1.50913649
520200 520100         1.94818302
520200 520400         1.06729999
520200 530600         1.75874129
520200 522300         1.04225225
520200 520500        0.985882596
520200 530300          1.0470024
522600 451200         1.99534507
522600 431200         1.84124722
522600 520100         1.88099137
522600 450200         1.75766109
522600 522700         1.39665765
522600 520600         1.46557505
522700 520300         2.16131294
522700 451200         1.49311303
522700 522300         1.93656166
522700 522600         1.39665765
522700 520100        0.990935349
522700 520400         1.30107518
522300 520500         1.81925751
522300 520200         1.04225225
522300 532600           1.745345
522300 520400        0.876611068
522300 451000         1.52217357
522300 530300         1.58811583
520600 500000         2.19031714
520600 431200         1.59033672
520600 520100         2.15436695
520600 522600         1.46557505
520600 433100         1.38854983
520600 520300         1.47008283
520300 520500         2.17081349
520300 522700         2.16131294
520300 500000         2.04658586
520300 520600         1.47008283
520300 520100         1.37924099
520300 510500         1.44475927
460100 450900           2.599033
460100 440900         2.22149498
460100 441700         2.56207038
460100 440800         1.24749357
460100 460200         1.79512455
460100 450500         2.10663269
460200 440900         3.95650561
460200 450600         3.77873328
460200 450700         3.83097077
460200 440800         2.81258506
460200 460100         1.79512455
460200 450500          3.2991727
130600 130900         1.76332563
130600 110000          1.7018568
130600 140200         1.69713663
130600 130100         1.15293391
130600 131100         1.41770523
130600 131000         1.47634751
130900 370100         1.69256996
130900 131100         1.07002441
130900 371600         1.29948493
130900 371400         1.02722218
130900 131000         1.00017828
130900 120000         1.16709368
130800 150400         2.29382937
130800 131000         2.28108864
130800 120000         2.07366162
130800 110000         1.62362105
130800 130300         2.06965531
130800 130200         1.81682923
130400 410700         1.36611622
130400 410600        0.861656407
130400 371500         1.34171432
130400 410500         0.70146817
130400 130500        0.714313653
130400 410900         1.04822789
131100 130100         1.43148038
131100 371500         1.30547574
131100 130600         1.41770523
131100 130900         1.07002441
131100 371400        0.971608595
131100 130500         1.14687393
131000 130200         1.76237774
131000 130900         1.00017828
131000 131100         1.69969724
131000 120000        0.713787487
131000 110000        0.951014441
131000 130600         1.47634751
130300 370500         2.50697613
130300 130800         2.06965531
130300 120000         2.01233999
130300 211400         1.14811773
130300 130200        0.934289627
130300 211300          1.6481425
130100 140700         1.68189373
130100 131100         1.43148038
130100 130400         1.58147928
130100 130500        0.992730591
130100 130600         1.15293391
130100 140300         0.94252198
130200 211400         2.08124729
130200 110000         1.97798133
130200 120000         1.07807205
130200 130800         1.81682923
130200 131000         1.76237774
130200 130300        0.934289627
130500 410900         1.47853305
130500 410500         1.41324272
130500 371500         1.30456945
130500 130100        0.992730591
130500 130400        0.714313653
130500 131100         1.14687393
130700 140600         2.69649923
130700 140200         1.62882317
130700 130800         2.56100626
130700 110000         1.53883563
130700 130600         1.84858552
130700 131000         2.26410241
410500 130500         1.41324272
410500 130400         0.70146817
410500 410200         1.28516964
410500 410700        0.667684675
410500 410600        0.160190819
410500 410900        0.930620288
410600 410800         1.32636813
410600 130400        0.861656407
410600 410200         1.14089442
410600 410700        0.509187724
410600 410500        0.160190819
410600 410900         0.97610187
410800 410600         1.32636813
410800 411000         1.18996367
410800 410400         1.32222872
410800 410100        0.594463562
410800 140500         0.65469919
410800 410700        0.969496005
410200 411100         1.14237394
410200 410100         1.06294112
410200 410600         1.14089442
410200 411000        0.982471089
410200 410700          0.7957073
410200 411600        0.946873607
410300 410100         1.47886298
410300 411300         1.27327412
410300 410800         1.37216189
410300 410400          1.0978516
410300 411200        0.928272287
410300 140800         1.31689558
411100 410200         1.14237394
411100 410100         1.05970267
411100 411600        0.980269117
411100 411000        0.457951845
411100 411700         0.77415669
411100 410400        0.899700137
411300 411000         1.75816815
411300 411100          1.7279757
411300 421300         1.66676036
411300 410300         1.27327412
411300 420600         1.16510845
411300 410400         1.04605119
410400 410800         1.32222872
410400 410100        0.949434361
410400 410300          1.0978516
410400 411000        0.751448054
410400 411100        0.899700137
410400 411300         1.04605119
410900 410700          1.3108563
410900 130400         1.04822789
410900 410500        0.930620288
410900 410600         0.97610187
410900 371700         0.77558051
410900 371500        0.884148881
411200 141000         1.88518613
411200 411300            1.76647
411200 611000         1.40026056
411200 410300        0.928272287
411200 140800        0.827433658
411200 610500         1.38577727
411400 341200         1.37210989
411400 340600         1.18655428
411400 410200          1.2043178
411400 341600        0.980597921
411400 371700        0.861878219
411400 411600        0.997000066
410700 411000         1.25052584
410700 410800        0.969496005
410700 410200          0.7957073
410700 410600        0.509187724
410700 410100        0.887638153
410700 410500        0.667684675
411500 421300         1.48087409
411500 421100         1.43943493
411500 341500         1.40997958
411500 420900         1.39166143
411500 411700         1.11622211
411500 341200          1.1712459
411000 411600         1.21940707
411000 410400        0.751448054
411000 410800         1.18996367
411000 410100          0.6018187
411000 411100        0.457951845
411000 410200        0.982471089
410100 410200         1.06294112
410100 411000          0.6018187
410100 411100         1.05970267
410100 410800        0.594463562
410100 410700        0.887638153
410100 410400        0.949434361
411600 411000         1.21940707
411600 341200         1.15360438
411600 411400        0.997000066
411600 410200        0.946873607
411600 411700           1.079885
411600 411100        0.980269117
411700 410400          1.4354505
411700 421300         1.31346632
411700 411500         1.11622211
411700 411000         1.23074504
411700 411100         0.77415669
411700 411600           1.079885
230600 220300         2.88084158
230600 231200         2.02149562
230600 220100         2.24530114
230600 220700         1.56172104
230600 230200         1.36139053
230600 220800          1.9622153
232700 152200         6.70588249
232700 231200         5.92194609
232700 230600         5.96174406
232700 231100         4.11094221
232700 150700         4.00644925
232700 230200         4.60114393
230100 222400         2.75436513
230100 230700         2.51158487
230100 220100         2.73286886
230100 231000         2.19416966
230100 231200         1.81634104
230100 220200         2.34006735
230400 231000         3.17705245
230400 230500         2.03312558
230400 230300         2.49996264
230400 230700         1.59753595
230400 230800         1.44055257
230400 230900         1.76598869
231100 232700         4.11094221
231100 230700          2.6569166
231100 230100         3.75367414
231100 231200         2.39363016
231100 230200         2.89831737
231100 230600         3.70548049
230300 230700         3.77048059
230300 230800         1.60893843
230300 231000         2.60980307
230300 230500         1.13376629
230300 230900         1.37293147
230300 230400         2.49996264
230800 231000           3.496039
230800 230300         1.60893843
230800 230700         3.02630058
230800 230500        0.673294626
230800 230400         1.44055257
230800 230900         1.84189991
231000 220200          3.2110101
231000 230300         2.60980307
231000 230400         3.17705245
231000 230100         2.19416966
231000 222400         1.64339355
231000 230900         1.65566733
230900 230700         2.59055572
230900 230500         1.87228142
230900 230800         1.84189991
230900 230400         1.76598869
230900 230300         1.37293147
230900 231000         1.65566733
230200 152200         3.53165677
230200 231100         2.89831737
230200 220700         2.89916971
230200 231200         2.24964621
230200 230600         1.36139053
230200 220800         2.80887585
230500 230700         3.57171738
230500 230300         1.13376629
230500 231000         3.44948234
230500 230800        0.673294626
230500 230900         1.87228142
230500 230400         2.03312558
231200 220100         2.81841547
231200 231100         2.39363016
231200 230700         2.72611232
231200 230600         2.02149562
231200 230100         1.81634104
231200 230200         2.24964621
230700 230800         3.02630058
230700 231100          2.6569166
230700 231200         2.72611232
230700 230400         1.59753595
230700 230900         2.59055572
230700 230100         2.51158487
420700 360400         1.22499592
420700 421100        0.701899702
420700 420900         1.17849937
420700 420200        0.484063762
420700 420100         0.50624275
420700 421200        0.912181506
422800 511700         2.23777629
422800 430700         2.16256483
422800 500000         1.68035919
422800 430800         1.26231842
422800 420500         1.68047507
422800 433100         1.50714603
421100 360400         1.39862046
421100 420200        0.849105528
421100 341500         1.29587217
421100 420700        0.701899702
421100 420100         1.00110876
421100 340800         1.15484024
420200 340800         1.59845256
420200 421100        0.849105528
420200 420100        0.974704907
420200 420700        0.484063762
420200 360400         0.74099739
420200 421200        0.902021927
420800 420100         1.79075232
420800 420900         1.27123048
420800 420500         1.50839429
420800 421000         1.07438294
420800 420600         1.09252202
420800 421300         1.11385301
421000 421200         1.64842836
421000 430700         1.26020775
421000 420500          1.6188625
421000 420800         1.07438294
421000 430900          1.5502546
421000 430600         1.15525321
420300 411200         2.01715355
420300 420500         1.84469995
420300 411300         1.93363262
420300 611000         1.30806674
420300 610900           1.544615
420300 420600          1.5847625
421300 420100         1.51521055
421300 411700         1.31346632
421300 420600           1.491196
421300 420900        0.843872916
421300 420800         1.11385301
421300 411500         1.48087409
420100 421300         1.51521055
420100 421100         1.00110876
420100 421200          1.0139442
420100 420200        0.974704907
420100 420700         0.50624275
420100 420900        0.677748617
421200 420900         1.52324974
421200 360400         1.31166373
421200 430600         1.07670263
421200 420700        0.912181506
421200 420200        0.902021927
421200 420100          1.0139442
420600 421000         2.03596317
420600 420500         1.43010807
420600 420300          1.5847625
420600 420800         1.09252202
420600 411300         1.16510845
420600 421300           1.491196
420900 421100         1.51506319
420900 420700         1.17849937
420900 411500         1.39166143
420900 420100        0.677748617
420900 421300        0.843872916
420900 420800         1.27123048
420500 422800         1.68047507
420500 420800         1.50839429
420500 421000          1.6188625
420500 430800         1.48539583
420500 420600         1.43010807
420500 430700         1.49764902
430700 430600         1.75032771
430700 421000         1.26020775
430700 431300         1.56373043
430700 430900        0.843543272
430700 430800        0.997308226
430700 420500         1.49764902
431000 360300         1.86310586
431000 431100         1.40758256
431000 441800         1.52276101
431000 430200         1.35887598
431000 430400         1.12962604
431000 440200         1.18131228
430400 360300         1.51033586
430400 431100         1.32501095
430400 431300         1.34766103
430400 430200        0.997470903
430400 430300        0.937767557
430400 431000         1.12962604
431200 430800         1.89874469
431200 520600         1.59033672
431200 522600         1.84124722
431200 431300         1.54977386
431200 430500         1.02077591
431200 433100         1.19836494
431300 430700         1.56373043
431300 430500         1.10785881
431300 431200         1.54977386
431300 430300        0.989834791
431300 430900         0.90202669
431300 430400         1.34766103
430500 430300         1.91236025
430500 450300         1.59937096
430500 430400         1.70388373
430500 431100         1.42477493
430500 431300         1.10785881
430500 431200         1.02077591
430300 360300         1.31813935
430300 431300        0.989834791
430300 430200         1.10078871
430300 430400        0.937767557
430300 430100        0.740375152
430300 430900         1.06595553
433100 431300         2.11446195
433100 430700         1.89197688
433100 422800         1.50714603
433100 431200         1.19836494
433100 430800         1.06112885
433100 520600         1.38854983
430900 421000          1.5502546
430900 430300         1.06595553
430900 430600         1.39247739
430900 430700        0.843543272
430900 431300         0.90202669
430900 430100         1.25107096
431100 441800          1.8552053
431100 430500         1.42477493
431100 451100         1.46100692
431100 430400         1.32501095
431100 431000         1.40758256
431100 450300         1.28604191
430600 360300         1.68358796
430600 430900         1.39247739
430600 430300         1.48522506
430600 421200         1.07670263
430600 421000         1.15525321
430600 430100        0.845307302
430800 431200         1.89874469
430800 430900         1.64243937
430800 422800         1.26231842
430800 420500         1.48539583
430800 430700        0.997308226
430800 433100         1.06112885
430100 430400         1.54535946
430100 430200         1.16667407
430100 430900         1.25107096
430100 430300        0.740375152
430100 360300         1.03567153
430100 430600        0.845307302
430200 431000         1.35887598
430200 430100         1.16667407
430200 360800          1.3153293
430200 430300         1.10078871
430200 360300        0.550994591
430200 430400        0.997470903
220800 220100         2.78323819
220800 220300          2.3138445
220800 150500         2.10282881
220800 220700         1.56317628
220800 230600          1.9622153
220800 152200         1.89184622
220600 220100         2.79183277
220600 222400         2.12836322
220600 210400         2.63994067
220600 220200         1.57338647
220600 220500         1.34093179
220600 220400         2.11399918
220200 230100         2.34006735
220200 220400         1.71926715
220200 222400           2.322062
220200 220600         1.57338647
220200 220100         1.44255055
220200 220500         1.85339288
220400 220200         1.71926715
220400 220100         1.49837245
220400 210400         1.17325973
220400 220500         1.06992036
220400 220300         1.14082909
220400 211200          1.1470441
220300 210100         1.86641927
220300 220100          1.4418118
220300 210400         1.67196256
220300 220700         1.32102766
220300 220400         1.14082909
220300 211200        0.866356006
220700 211200         2.17903788
220700 220300         1.32102766
220700 220400         2.15607756
220700 220100         1.22234028
220700 230600         1.56172104
220700 220800         1.56317628
220500 211200         1.90682579
220500 220200         1.85339288
220500 210500         1.56063827
220500 220400         1.06992036
220500 220600         1.34093179
220500 210400         1.29903962
222400 220500         3.38882087
222400 220200           2.322062
222400 230900         3.28257564
222400 220600         2.12836322
222400 230100         2.75436513
222400 231000         1.64339355
220100 230600         2.24530114
220100 220200         1.44255055
220100 211200         2.16432289
220100 220700         1.22234028
220100 220300          1.4418118
220100 220400         1.49837245
320400 320500          1.0475271
320400 320100        0.849519076
320400 321200         1.03501337
320400 320200        0.450590958
320400 321100        0.431773985
320400 330500        0.910240535
320800 321200         1.34200891
320800 320900         1.24067287
320800 320700         1.19703287
320800 341100         1.18155342
320800 321000        0.798287718
320800 321300        0.620296245
320700 320300         1.63235074
320700 320900          1.4687899
320700 320800         1.19703287
320700 321300        0.974123711
320700 371300         1.15602516
320700 371100         1.04190813
320100 340200         1.04246026
320100 341100        0.963579582
320100 321000         1.02698117
320100 321100        0.616489997
320100 320400        0.849519076
320100 340500        0.558197992
320600 320900         1.57908609
320600 320200         1.17161269
320600 320400         1.51441308
320600 320500        0.888931711
320600 321200         1.06143606
320600 310000         1.06605644
320500 320400          1.0475271
320500 320600        0.888931711
320500 330500         1.01363245
320500 320200        0.596953653
320500 330400         0.77145818
320500 310000        0.845868434
321300 340300         1.37283208
321300 341300         1.31235674
321300 320700        0.974123711
321300 341100         1.30852303
321300 320300         1.15399015
321300 320800        0.620296245
321200 320600         1.06143606
321200 320200         1.04715732
321200 320400         1.03501337
321200 321100        0.820029012
321200 320900        0.953293009
321200 321000        0.605189948
320200 330400         1.14384928
320200 320500        0.596953653
320200 321200         1.04715732
320200 320400        0.450590958
320200 321100        0.793481717
320200 330500        0.806194783
320300 340300         1.26083428
320300 340600        0.996169291
320300 371300         1.22175122
320300 341300        0.583339852
320300 370400        0.574464449
320300 321300         1.15399015
320900 321100         1.67206268
320900 320600         1.57908609
320900 320700          1.4687899
320900 321000         1.05946229
320900 321200        0.953293009
320900 320800         1.24067287
321000 320400         1.12411855
321000 320900         1.05946229
321000 320800        0.798287718
321000 320100         1.02698117
321000 321100        0.721909836
321000 321200        0.605189948
321100 340500         1.15124684
321100 320200        0.793481717
321100 321200        0.820029012
321100 320400        0.431773985
321100 320100        0.616489997
321100 321000        0.721909836
361000 360900         1.66426182
361000 350400         1.54615936
361000 361100         1.63467545
361000 360100         1.21303846
361000 360600        0.981759399
361000 360500         1.61702151
360700 431000         2.13929492
360700 441400         1.70810077
360700 440200         1.74212014
360700 350800         1.52370732
360700 360800         1.34170226
360700 441600         1.69381919
360800 361000         1.69662967
360800 360300         1.06802875
360800 360700         1.34170226
360800 360500        0.872344236
360800 430200          1.3153293
360800 360900         1.34091333
360200 330800         1.45323931
360200 341000         1.00034291
360200 360100         1.41357631
360200 361100        0.571304948
360200 341700        0.980520336
360200 360600         1.09475421
360400 421100         1.39862046
360400 420700         1.22499592
360400 421200         1.31166373
360400 420200         0.74099739
360400 360100        0.879275688
360400 360900         1.12317284
360100 360500         1.41689031
360100 360900         1.10102571
360100 360200         1.41357631
360100 360400        0.879275688
360100 360600         1.16890344
360100 361000         1.21303846
360300 360900         1.33197605
360300 430300         1.31813935
360300 360800         1.06802875
360300 430100         1.03567153
360300 430200        0.550994591
360300 360500         1.00608088
361100 341700         1.51416306
361100 360100         1.45877731
361100 341000         1.28200681
361100 360600        0.658523978
361100 360200        0.571304948
361100 330800         1.21316019
360500 360400         1.59371033
360500 360100         1.41689031
360500 430200         1.51973965
360500 360800        0.872344236
360500 360900         0.47627478
360500 360300         1.00608088
360900 421200         1.54026919
360900 360400         1.12317284
360900 360800         1.34091333
360900 360100         1.10102571
360900 360500         0.47627478
360900 360300         1.33197605
360600 330800         1.72031337
360600 360100         1.16890344
360600 350700         1.36165746
360600 360200         1.09475421
360600 361100        0.658523978
360600 361000        0.981759399
210300 210600         1.39558968
210300 210200         1.39531763
210300 210100         1.38672791
210300 210800        0.648347102
210300 211000        0.523323831
210300 211100         1.07791401
210500 210300         1.63898404
210500 211000         1.32351237
210500 220500         1.56063827
210500 210400        0.611275677
210500 210600        0.709717532
210500 211200         1.46987852
211300 210900         2.08732124
211300 130300          1.6481425
211300 150400         2.05670634
211300 210700         1.59885998
211300 211400        0.913743682
211300 211100         2.02899308
210200 211400          2.2392036
210200 211000         1.91332739
210200 210700         1.96149231
210200 210300         1.39531763
210200 211100         1.49429175
210200 210800        0.844898476
210600 210100         2.00069685
210600 210300         1.39558968
210600 210800         1.95206806
210600 211000         1.31843659
210600 210500        0.709717532
210600 210400         1.31936338
210400 210100         1.54041863
210400 220500         1.29903962
210400 210600         1.31936338
210400 211200        0.944281433
210400 220400         1.17325973
210400 210500        0.611275677
210900 210300         1.88959715
210900 150500         1.58416771
210900 211000         1.69408361
210900 210100         1.19686564
210900 210700        0.889191566
210900 211100         1.21392023
211400 210200          2.2392036
211400 130200         2.08124729
211400 211100         1.84458726
211400 130300         1.14811773
211400 211300        0.913743682
211400 210700         1.63996604
210700 211400         1.63996604
210700 211300         1.59885998
210700 210800         1.35942835
210700 210300         1.58628558
210700 211100        0.547651581
210700 210900        0.889191566
211000 210500         1.32351237
211000 210600         1.31843659
211000 211100         1.25701626
211000 210300        0.523323831
211000 210800         1.12242726
211000 210100        0.918907081
211100 210200         1.49429175
211100 211000         1.25701626
211100 210900         1.21392023
211100 210300         1.07791401
211100 210700        0.547651581
211100 210800        0.816908395
210100 210400         1.54041863
210100 210300         1.38672791
210100 211100         1.53798754
210100 210900         1.19686564
210100 211000        0.918907081
210100 211200         1.17008542
211200 211000         1.73010807
211200 210400        0.944281433
211200 210500         1.46987852
211200 220300        0.866356006
211200 220400          1.1470441
211200 210100         1.17008542
210800 210100         1.83835174
210800 210200        0.844898476
210800 210700         1.35942835
210800 210300        0.648347102
210800 211100        0.816908395
210800 211000         1.12242726
152900 630200         4.16632217
152900 620600         2.39991544
152900 630100         3.80821576
152900 620300         2.10429957
152900 620700         3.04512286
152900 632200         3.47908863
150800 610800         3.94891706
150800 640100         3.38953681
150800 150200         2.69269265
150800 640200         2.65868218
150800 150300         2.13820444
150800 150600         2.29295062
150200 140900         3.42473024
150200 150900         2.18669891
150200 140600         3.06662272
150200 150100         1.56517023
150200 150600         2.68923207
150200 150800         2.69269265
150400 210900         3.22462722
150400 150500          2.7638856
150400 130300         3.15110348
150400 211300         2.05670634
150400 211400         2.92507165
